2

8337971.77
0.0900
0.7300
0.6700
0.5200
1.0300
1.4100
0.8300
0.3400
0.1100
0.7300
0.3400
0.9300
0.8100
1.3800
0.0500
1.3700
0.4700
0.7100
0.4800
0.4400
0.9000
0.6100
1.2700
1.3800
1.2400
0.6400
0.7300
0.0200
0.7700
0.2100
0.5600
0.6300
0.6500
0.2400
0.7000
0.0600
0.5900
0.1800
1.3900
0.4900
0.8100
1.1800
0.5000
0.2000
1.3500
0.7800
1.3600
1.3500
1.2700
0.8700
0.9900
0.2000
1.0100
0.3800
0.0700
0.1500
0.2200
0.6300
0.6000
0.0900
0.4900
0.4700
0.3100
0.9200
1.0200
0.8900
0.6800
0.8900
0.1700
53.4500
144
P0                    6  0  4  0
P1                    9  7  5  6
P2                    9  2  7  3
P3                    0  9  0 DQ
P4*                   7  7  2  1
P5                    6  8  4  6
P6                    8  0  6  6
P7                    9  4  5  9
P8                    4  0  5  0
P9*                   6  1  5  9
P10*                  6  5  0  2
P11                   3  6  1  4
P12*                  5 DQ
P13                   6  7  3  1
P14                   5  3  2  2
P15                   3  1  3  9
P16                   5  4  0  7
P17                   9  8  4  8
P18                   3  6  5  3
P19                   0  9  8  4
P20                   7  2  0  6
P21                  8  1  8  8
P22                   8  5 DQ
P23                   1  4  9  9
P24                   4  1  4  7
P25                   3  6  6  1
P26                   9  0  2  1
P27*                  5  3  9  4
P28                   3  3  3  3
P29                   1  8  1  0
P30                   8  0  6  6
P31                   2  1  4  4
P32                   3  0  3  7
P33                  DQ
P34                   9  7  5  0
P35                   1  2  3  7
P36                   5  9  8  7
P37                  DQ
P38                   9  8  2  9
P39                   9  9  4  3
P40                   7  4  2  7
P41*                  4  1  5  9
P42                   2  2  1  8
P43                   5  7  9  6
P44                   0  1  0  1
P45                   1  2  4  5
P46                   9  9  4 DQ
P47                   6  9  5  9
P48                   2  7  5  6
P49                   0  0  3  0
P50                   5  0  9  6
P51                   4  6  6  7
P52*                  2  9  8  4
P53                   7  9  5  7
P54                   9 DQ
P55                   8  3  8  4
P56                   7  7  5  6
P57                   6  4  7  7
P58*                  7  1  8  9
P59                   2  0  0  3
P60                   4  7  9  8
P61                   6  9  0  2
P62                  DQ
P63                   3  6  3  8
P64                   3  5  1  8
P65                   5  6  0  9
P66                   0  2  8  0
P67                   6  4  2  0
P68                  DQ
P69                   9  9  2  2
P70*                  4  7  0  9
P71                   1  6  7  3
P72                   5  2  1  5
P73                   1  3  2  5
P74                   2  9  9  6
P75                   8  0  1  0
P76                   6  3  6  5
P77                   3  8  1  6
P78                   2  9  7  5
P79                   1  7  2  8
P80                   4  3  1  9
P81                   3  2  0  5
P82                   1  3  4  4
P83                   0  7  6  1
P84                   8  2  2  2
P85                   1  4  1  5
P86                   0  0  3  6
P87                   1  9  3  5
P88                   5  3  2  6
P89                   8  7  9  0
P90*                  1  9  0  7
P91*                  8  1  0  9
P92                   8  1  2  9
P93                   7  6  0  0
P94*                  6  7  1  4
P95                   0  8  6  6
P96                   6  4  0  7
P97                   4  1  1  5
P98                   6  0  8  6
P99                   7  8  1 DQ
P100                  3  1  2  7
P101                  2 DQ
P102                  2  5  9  8
P103                  5  1  3  8
P104                  6  2  4  3
P105                  1 DQ
P106                  7  1  4  5
P107                  1  6  7  1
P108                  7  3  1  1
P109                  4  2  0  9
P110                 DQ
P111                  1  7  0  5
P112                  6  9  8  0
P113                  4  0  9  6
P114                  0  6  0  6
P115                  4  2  4  2
P116                  8  7  0  3
P117                  6  2  4  0
P118                  9  0  0  1
P119                  8  3  2  5
P120                  8  9  4  3
P121                  0  9  4  8
P122                  1  7  9  4
P123                  1  4  5  4
P124                  9  1  9  8
P125                  3  7  8  6
P126                  1  2  8  6
P127                  6  0  1  4
P128                  0 DQ
P129                  0  7  4  7
P130                  5  9  1  0
P131                  3  0  5  0
P132*                DQ
P133                 DQ
P134                  7  6  3  7
P135                  0  5  8  8
P136*                 6  9  2  8
P137                  6  6  3  3
P138                  4  5  5  6
P139                  0  4  1  7
P140                  2  5  9  8
P141                  2  5  9  8
P142                  2  5  9  8
P143                  2  5  9  8

3666733.21
0.2200
1.1600
0.4000
1.1600
1.1200
0.7900
1.3900
0.2900
0.5700
0.2400
0.0600
0.9700
0.9600
1.0600
0.8800
0.7300
1.0700
1.3900
1.1000
0.7100
0.2400
0.5600
0.4200
0.1800
0.2900
1.4000
0.1100
0.9900
0.9900
0.6100
0.6700
0.4200
0.5400
0.1400
0.1300
0.7400
1.4100
0.8500
0.4500
0.3200
0.3300
1.2200
1.3500
1.3900
0.3400
1.3800
0.1100
1.3900
1.3200
0.7700
1.2300
0.6800
0.5900
0.9200
0.8900
1.1900
0.6000
0.4300
0.3100
0.3600
0.8100
0.3500
0.3200
0.6200
0.6500
0.0900
1.2300
0.3100
0.9900
50.1000
140
P0                    9  2  1  0
P1                    3  5  1  4
P2*                   6  4  5  7
P3                    9  7  2 DQ
P4*                   0  4  8  6
P5                    0  5 DQ
P6                    7 DQ
P7*                   1  9  2  9
P8*                   6  5  1  2
P9                    8  6  9  3
P10                   1  7 DQ
P11                   3  3  5  1
P12                   2  3 DQ
P13                   6  8  0  1
P14*                  3  3  2  6
P15                   5  9  5  8
P16                   5  8  3 DQ
P17                   8  8  4  4
P18                   9  2  3  2
P19                   5  4  9 DQ
P20                   6  5  5  1
P21                   2  0  3  9
P22*                  4  8  2  1
P23                   4  0  5  2
P24                   1  0  8  5
P25*                  1  4  3  5
P26                   6  4 DQ
P27                   8  8  6  9
P28                   8  1  5  8
P29                   8  9  1  2
P30                   3  0  8  2
P31                   0  2  1  6
P32                  DQ
P33                   1  2  8  9
P34                   2  4  9  6
P35                   5  6  2  7
P36                   2 DQ
P37                   4  8  0  7
P38                   9  6  0  7
P39                   3  1  2  1
P40                   9  7  5  1
P41                   9  1  7  8
P42                   8  7  0  5
P43*                  0  8  7  7
P44                   2  2  1  1
P45*                  7  9  1  7
P46                   0  7  5  5
P47*                  0  5  8  5
P48                   6  2  1  2
P49                   1  9  0  3
P50                   3  9  4  4
P51*                  4  2  6  5
P52                   4  8 DQ
P53                   4  8  3  4
P54                   0  3  9  2
P55                   5  3  7  6
P56*                  6  6  8  8
P57                   8  3  7  7
P58                   0  0  7  5
P59                   6  4  3  0
P60*                  1  0  5  0
P61                   9  6  9  3
P62                   5  7  4  9
P63*                  9  5  5  5
P64*                  1  8  6  4
P65                   1  3  6  4
P66                   1  3  1  9
P67                   6  2  3  1
P68                   4  4  3  3
P69                   5  5  1  0
P70                   4  0  9  0
P71*                  6  5 DQ
P72                   9  2  5  4
P73                   9  0  8  0
P74                   2  5  5  3
P75                   4  9  7 DQ
P76                   4  3  4  2
P77                   7  5  5  7
P78                   3 DQ
P79                   1  2  1  3
P80                   1  6  6  0
P81*                  7  7  3  9
P82                   5  3  8  8
P83                   7  6  5 DQ
P84                   7 DQ
P85                   1 DQ
P86                   0  5  4  9
P87                   2  9  1  6
P88*                  9  8  6  4
P89*                  6  8  1  8
P90                   5  7  5  9
P91                   3  2  4  8
P92                   7  4  0  4
P93                   6  4  7 DQ
P94*                  1  0  8  2
P95                   7  8  9 DQ
P96                   0  4  5  4
P97                   7  8  0  4
P98                   8  6  0  7
P99                   0  2  6  8
P100                  6  7  3  9
P101                  4  7  9  3
P102                  0  5  6  7
P103                  7  9  1  5
P104                  6  9  3  7
P105*                 4  3  5  8
P106                  9  8  9  4
P107*                 4  8  8 DQ
P108*                 8  4  6  1
P109                  9  6  3  7
P110                  2  0  6  8
P111                  9  8  4  1
P112                  4  2  5  1
P113                  6  5  2  5
P114                  2  4  0  7
P115                  5  2  5  0
P116*                 3  7  3  7
P117                  8  7  9  4
P118                 DQ
P119                  1  1  7 DQ
P120*                 0  8  6  9
P121                  1  2  7  1
P122                  1  3  0  8
P123                  7  7  1  7
P124                  4  9  1  0
P125                  9  0  4  7
P126                  1  5  8  4
P127*                 5  2  0  9
P128*                 2  5  6  2
P129                  7  2  0  8
P130                  9  7  4  7
P131                  9  1  4  0
P132                  4  8  8  0
P133                  8  6  7  0
P134                  7  8  7  5
P135                  4  6  7  1
P136                  8  3  0  6
P137                  5  0  5  0
P138*                 8  4  9  8
P139                  5  4  3  7
